43506 295121488 162723680 26104 0
43507 295121488 162723680 39680 0
43508 295121488 162723680 39680 0
43509 295121488 162723680 39680 0
43510 295121488 162723680 39680 0
43511 295121488 162723712 39680 0
43512 295121488 162723712 39680 0
43513 295121488 162723712 39680 0
43514 295121488 162723712 39680 0
43515 295121488 162723712 39680 0
43516 295121488 162723712 26104 0
43517 295121488 162723712 26104 0
43518 295121488 162723712 26104 0
43519 295121488 162723712 26104 0
43520 295121488 162723712 26104 0
43521 295121488 162723712 39680 0
43522 295121488 162723712 53248 0
43523 295121488 162723712 14840 0
43524 295121504 162723712 14840 0
43525 295121504 162723712 41984 0
43526 295121504 162723680 41984 0
43527 295121504 162723520 3584 90
43528 295121504 162723024 17144 256
43529 295121504 162722304 30712 405
43530 295121480 162721440 44288 473
43531 295121464 162720480 5888 530
43532 295121464 162719424 46592 580
43533 295121464 162718352 8192 590
43534 295121480 162717264 48896 591
43535 295121504 162716192 24064 608
43536 295121536 162715024 64760 641
43537 295121552 162713872 8192 668
43538 295121648 162712592 19448 697
43539 295121712 162711328 60160 708
43540 295121776 162710080 8192 685
43541 295121840 162708896 8192 663
43542 295121888 162707696 35320 664
43543 295121936 162706464 62456 672
43544 295122000 162705264 24064 672
43545 295122040 162704048 64760 670
43546 295122088 162702832 39928 670
43547 295122136 162701648 39928 674
43548 295122200 162700432 1528 672
43549 295122296 162699216 1528 663
43550 295122408 162698032 42232 658
43551 295122520 162696832 55808 671
43552 295122560 162695568 30976 696
43553 295122560 162694240 19712 732
43554 295122568 162692832 46840 774
43555 295122608 162691392 22016 797
43556 295122656 162689920 10744 809
43557 295122696 162688432 13048 835
43558 295122760 162686832 1792 872
43559 295122816 162685232 42496 897
43560 295122856 162683568 4096 912
43561 295122920 162681904 31232 925
43562 295122976 162680192 17656 936
43563 295123056 162678528 44800 929
43564 295123104 162676896 33536 912
43565 295123152 162675264 8704 899
43566 295123216 162673696 35840 875
43567 295123264 162672320 11008 772
43568 295123304 162671232 51712 611
43569 295123352 162670400 13312 474
43570 295123376 162669712 40448 375
43571 295123416 162669136 2040 321
43572 295123416 162668528 56320 331
43573 295123416 162667808 17920 402
43574 295123464 162666928 31480 492
43575 295123504 162665872 45056 591
43576 295123552 162664592 33784 695
43577 295123576 162663184 38392 794
43578 295123640 162661616 13560 879
43579 295123688 162659952 15864 922
43580 295123760 162658240 43000 960
43581 295123808 162656384 18168 1018
43582 295123864 162654448 45304 1073
43583 295123936 162652400 56576 1124
43584 295124000 162650336 4608 1143
43585 295124048 162648288 18168 1133
43586 295124120 162646272 45304 1100
43587 295124168 162644384 58880 1039
43588 295124224 162642672 6912 948
43589 295124232 162641152 47608 856
43590 295124256 162639664 61184 818
43591 295124336 162638224 22776 807
43592 295124480 162636784 11520 820
43593 295124568 162635264 256 851
43594 295124616 162633712 40960 860
43595 295124656 162632144 16128 872
43596 295124704 162630512 43264 911
43597 295124776 162628768 31992 961
43598 295124816 162626944 61184 1010
43599 295124904 162625040 9216 1067
43600 295124976 162623040 49912 1122
43601 295125064 162620912 11520 1174
43602 295125128 162618704 13824 1223
43603 295125216 162616432 54520 1261
43604 295125288 162614144 4864 1282
43605 295125376 162611840 31992 1283
43606 295125464 162609552 61432 1270
43607 295125536 162607312 50176 1250
43608 295125608 162605072 52480 1235
43609 295125696 162602864 2808 1229
43610 295125768 162600736 57080 1197
43611 295125832 162598704 45824 1123
43612 295125896 162596912 7416 1001
43613 295125920 162595312 34560 885
43614 295125872 162593712 57080 883
43615 295125760 162592000 2808 968
43616 295125584 162590112 41208 1060
43617 295125408 162588096 27648 1143
43618 295125304 162585904 41208 1215
43619 295125288 162583616 29952 1274
43620 295125336 162581232 45824 1316
43621 295125440 162578832 23296 1339
43622 295125536 162576432 14328 1347
43623 295125624 162574000 5368 1347
43624 295125736 162571568 61952 1349
43625 295125824 162569152 52992 1349
43626 295125936 162566720 44032 1350
43627 295126008 162564288 46336 1358
43628 295126096 162561824 62208 1375
43629 295126208 162559312 64512 1402
43630 295126328 162556768 14848 1424
43631 295126520 162554192 30712 1445
43632 295126712 162551600 8192 1447
43633 295126936 162549136 48888 1400
43634 295127160 162546784 24064 1329
43635 295127360 162544544 12800 1269
43636 295127560 162542336 1536 1263
43637 295127744 162540048 55800 1301
43638 295127928 162537664 44536 1344
43639 295128120 162535232 60408 1378
43640 295128328 162532688 35584 1421
43641 295128512 162530064 24320 1470
43642 295128648 162527408 40192 1505
43643 295128736 162524672 53752 1515
43644 295128808 162521936 15360 1521
43645 295128848 162519168 56056 1545
43646 295128840 162516352 44800 1569
43647 295128752 162513472 17664 1588
43648 295128576 162510624 4088 1605
43649 295128376 162507744 17664 1623
43650 295128144 162504848 17664 1642
43651 295127928 162501888 31232 1663
43652 295127720 162498896 44800 1683
43653 295127496 162495888 6392 1701
43654 295127296 162492848 33536 1709
43655 295127112 162489776 8696 1709
43656 295126936 162486768 62968 1699
43657 295126800 162483744 65272 1682
43658 295126680 162480784 29184 1662
43659 295126592 162477824 6648 1642
43660 295126544 162474896 8952 1630
43661 295126544 162471968 0 1634
43662 295126576 162469040 43008 1634
43663 295126640 162466112 47616 1630
43664 295126704 162463152 15864 1633
43665 295126864 162460272 45312 1638
43666 295127064 162457344 22776 1647
43667 295127296 162454352 54528 1653
43668 295127584 162451456 20736 1652
43669 295127904 162448576 25344 1653
43670 295128264 162445696 18688 1653
43671 295128688 162442912 50424 1650
43672 295129136 162440112 55032 1649
43673 295129608 162437376 21248 1645
43674 295130112 162434672 52992 1643
43675 295130640 162431984 57600 1637
43676 295131184 162429392 10232 1631
43677 295131744 162426768 28416 1634
43678 295132336 162424192 35328 1635
43679 295132968 162421616 42240 1630
43680 295133600 162419072 22016 1625
43681 295134232 162416592 1792 1621
43682 295134896 162414096 33536 1616
43683 295135536 162411648 65280 1613
43684 295136184 162409184 31480 1612
43685 295136840 162406752 11264 1613
43686 295137488 162404336 15872 1614
43687 295138168 162401904 34048 1617
43688 295138816 162399472 256 1621
43689 295139472 162397040 32000 1621
43690 295140120 162394560 63736 1620
43691 295140712 162392032 29944 1620
43692 295141272 162389520 23296 1622
43693 295141816 162386928 55040 1626
43694 295142304 162384272 34816 1627
43695 295142776 162381584 52984 1625
43696 295143192 162378848 19200 1627
43697 295143576 162376112 50944 1630
43698 295143936 162373312 17152 1631
43699 295144288 162370496 62464 1633
43700 295144600 162367680 42240 1637
43701 295144920 162364800 46848 1639
43702 295145192 162361872 51456 1643
43703 295145440 162358992 4088 1644
43704 295145616 162356064 22272 1644
43705 295145776 162353104 40440 1645
43706 295145888 162350176 58624 1647
43707 295145976 162347216 24824 1648
43708 295146040 162344240 56568 1657
43709 295146048 162341248 61176 1666
43710 295146040 162338240 27392 1667
43711 295145976 162335248 4856 1673
43712 295145864 162332240 47864 1682
43713 295145728 162329216 11768 1697
43714 295145576 162326144 27648 1717
43715 295145392 162323056 29952 1741
43716 295145216 162319904 45824 1768
43717 295145016 162316720 34560 1796
43718 295144832 162313456 36864 1825
43719 295144632 162310192 12032 1857
43720 295144424 162306832 52736 1894
43721 295144208 162303392 760 1917
43722 295144000 162300016 39168 1907
43723 295143792 162296672 63992 1905
43724 295143616 162293248 9728 1928
43725 295143416 162289792 34560 1955
43726 295143256 162286256 45824 1992
43727 295143056 162282624 43520 2032
43728 295142896 162278960 54776 2067
43729 295142696 162275280 52472 2071
43730 295142496 162271632 63744 2041
43731 295142304 162268112 9464 2005
43732 295142088 162264576 7160 1986
43733 295141880 162261072 18432 1986
43734 295141656 162257552 16128 1972
43735 295141456 162254128 27392 1938
43736 295141248 162250752 52224 1907
43737 295141032 162247376 63480 1887
43738 295140824 162244064 9216 1871
43739 295140624 162240800 20480 1854
43740 295140416 162237536 31736 1838
43741 295140216 162234304 29432 1826
43742 295140016 162231072 40704 1817
43743 295139816 162227856 51960 1812
43744 295139632 162224656 11264 1808
43745 295139432 162221472 22520 1804
43746 295139232 162218272 47352 1802
43747 295139024 162215056 58624 1799
43748 295138816 162211872 17912 1795
43749 295138616 162208672 42744 1796
43750 295138416 162205520 54016 1803
43751 295138216 162202288 65280 1811
43752 295138008 162199072 11000 1821
43753 295137800 162195840 22272 1826
43754 295137584 162192608 19968 1817
43755 295137376 162189456 17664 1786
43756 295137176 162186384 1784 1728
43757 295137000 162183456 51456 1661
43758 295136816 162180640 22008 1590
43759 295136632 162177984 6144 1501
43760 295136480 162175488 55800 1419
43761 295136320 162173024 26368 1384
43762 295136168 162170544 62464 1400
43763 295136000 162168032 19456 1432
43764 295135832 162165408 28416 1478
43765 295135664 162162688 37368 1528
43766 295135504 162159904 32760 1573
43767 295135336 162157056 28152 1602
43768 295135216 162154176 23544 1613
43769 295135112 162151296 18936 1614
43770 295135056 162148432 27904 1606
43771 295135056 162145552 36856 1592
43772 295135080 162142752 59392 1571
43773 295135112 162139984 16384 1542
43774 295135176 162137232 25336 1532
43775 295135280 162134464 47872 1551
43776 295135376 162131664 56824 1574
43777 295135536 162128848 256 1584
43778 295135712 162126032 22784 1580
43779 295135976 162123312 45304 1553
43780 295136272 162120688 40696 1525
43781 295136632 162118096 11264 1516
43782 295137048 162115552 60920 1518
43783 295137536 162113040 58616 1536
43784 295138008 162110496 42752 1557
43785 295138504 162107952 40448 1564
43786 295138976 162105376 24568 1568
43787 295139448 162102800 22264 1576
43788 295139920 162100176 6400 1589
43789 295140376 162097552 4096 1605
43790 295140848 162094864 1792 1619
43791 295141336 162092192 65024 1632
43792 295141792 162089472 62720 1643
43793 295142280 162086736 60416 1653
43794 295142760 162084032 58112 1657
43795 295143232 162081296 55808 1650
43796 295143704 162078576 1528 1641
43797 295144176 162075904 26360 1627
43798 295144624 162073248 51200 1609
43799 295145056 162070624 48896 1586
43800 295145512 162068048 21752 1566
43801 295145960 162065472 33024 1562
43802 295146424 162062912 57848 1572
43803 295146904 162060304 30720 1593
43804 295147416 162057680 55544 1620
43805 295147936 162055024 14840 1645
43806 295148480 162052368 39680 1660
43807 295149016 162049696 64512 1666
43808 295149576 162047040 10232 1668
43809 295150128 162044384 35072 1668
43810 295150704 162041760 46328 1667
43811 295151296 162039152 57600 1670
43812 295151880 162036496 55296 1678
43813 295152480 162033872 52992 1687
43814 295153096 162031248 50688 1696
43815 295153704 162028592 48384 1700
43816 295154336 162025968 46080 1698
43817 295154944 162023344 43776 1692
43818 295155568 162020768 41472 1688
43819 295156200 162018144 39168 1684
43820 295156816 162015568 36864 1680
43821 295157440 162013008 34560 1677
43822 295158064 162010432 18688 1677
43823 295158680 162007824 16384 1677
43824 295159304 162005232 14080 1678
43825 295159912 162002656 11776 1679
43826 295160544 162000064 9472 1681
43827 295161176 161997488 7168 1684
43828 295161808 161994896 4864 1686
43829 295162440 161992320 54528 1685
43830 295163064 161989728 52224 1683
43831 295163696 161987152 49920 1676
43832 295164304 161984576 47616 1668
43833 295164912 161982032 45312 1663
43834 295165528 161979488 43008 1653
43835 295166136 161976976 27128 1642
43836 295166776 161974464 24824 1632
43837 295167384 161972000 8952 1625
43838 295168000 161969536 6648 1620
43839 295168608 161967072 56320 1614
43840 295169216 161964592 54016 1606
43841 295169824 161962176 65272 1595
43842 295170424 161959776 62968 1582
43843 295171040 161957424 22272 1566
43844 295171648 161955104 19968 1552
43845 295172256 161952784 44800 1541
43846 295172864 161950512 4088 1528
43847 295173464 161948272 28928 1508
43848 295174056 161946064 53752 1475
43849 295174616 161943968 26624 1420
43850 295175184 161942032 51448 1344
43851 295175728 161940224 24320 1252
43852 295176264 161938656 24320 1156
43853 295176824 161937328 62712 1083
43854 295177408 161936192 35584 1041
43855 295178016 161935232 8448 1013
43856 295178648 161934448 60408 993
43857 295179320 161933952 6144 985
43858 295180024 161933728 30976 990
43859 295180736 161933792 42232 995
43860 295181440 161934176 53496 994
43861 295182096 161934832 64768 1004
43862 295182728 161935840 10496 1017
43863 295183288 161936992 8192 1011
43864 295183784 161938352 33016 996
43865 295184168 161939840 30712 972
43866 295184408 161941472 3584 966
43867 295184544 161943216 14848 985
43868 295184576 161945072 28408 1005
43869 295184552 161946944 41976 1027
43870 295184504 161948832 28408 1042
43871 295184432 161950768 14848 1054
43872 295184360 161952672 1280 1066
43873 295184296 161954640 53248 1075
43874 295184216 161956592 39672 1072
43875 295184168 161958448 39672 1032
43876 295184120 161960112 53248 941
43877 295184048 161961632 53248 821
43878 295183984 161962896 1280 708
43879 295183896 161964032 14848 628
43880 295183832 161965120 41976 589
43881 295183896 161966112 55552 580
43882 295184096 161966992 3584 586
43883 295184456 161967552 30712 584
43884 295184864 161967632 57856 592
43885 295185264 161967152 5888 607
43886 295185536 161966304 19456 616
43887 295185656 161965248 5888 631
43888 295185792 161964112 19456 658
43889 295186032 161963008 33016 697
43890 295186376 161962016 60160 730
43891 295186776 161961136 8192 733
43892 295187176 161960384 21760 692
43893 295187560 161959808 48888 628
43894 295187928 161959392 62464 570
43895 295188256 161958944 10496 519
43896 295188480 161958304 37624 479
43897 295188648 161957600 51192 465
43898 295188776 161956848 51192 468
43899 295188800 161956048 12800 455
43900 295188688 161955376 26368 404
43901 295188552 161954912 26368 330
43902 295188488 161954496 39928 259
43903 295188528 161954192 39928 209
43904 295188616 161953968 1536 177
43905 295188688 161953856 28672 135
